0.017000 
0.026939 
0.019301
0.059294
0.005971
0.005384
0.163265 
0.059326 
0.141019
0.107749
0.068130
0.072512
0.491856 
0.224170 
0.405711
0.344428
0.220628
0.222275
0.002621 
0.005245 
0.004188
0.006935
0.014035
0.045446
0.045710 
0.038546 
0.057836
0.105566
0.120244
0.114283
0.228472 
0.059103 
0.072247
0.112939
0.701983
0.537971
0.739653 
0.270131 
0.320025
0.738886
0.098922
0.050131
1.114936 
0.363539 
0.392544
0.328738
0.045638
0.341965
0.641027 
0.258088 
0.511363
0.462707
0.496840
0.373110
0.413796 
0.957463 
0.353701
1.215415
0.575302
0.059824
0.197767 
0.551602 
0.405205
0.377245
0.486370
0.481643
3.561496 
2.207494 
2.201849
3.369878
4.245842
3.698037
0.003035 
0.003100 
0.004061
0.003547
0.001856
0.001802
0.031971 
0.543895 
0.130555
0.439821
0.022992
0.432998
0.244939 
0.210295 
0.310850
0.277562
0.181365
0.181743
0.002323 
0.004130 
0.003968
0.005904
0.011817
0.011756
0.796605 
0.400590 
0.700196
0.475355
0.580396
0.806430
0.697943 
1.048226 
0.063112
0.121238
2.217643
2.696832
0.051157 
0.015723 
0.061042
0.026460
0.045872
0.004104
0.896324 
0.864670 
0.127707
0.872194
1.555324
1.071474
0.296818 
0.257311 
0.552135
1.145474
0.633487
2.983793
1.255286 
0.157193 
0.084830
1.273430
0.048589
0.052843
0.068092 
0.228645 
0.347083
0.270988
0.384474
0.259040
0.453366 
0.420643 
5.263258
2.486935
4.051539
2.243403
0.003408 
0.003472 
0.004427
0.003981
0.001809
0.002569
0.038267 
0.032922 
0.045631
0.032313
0.026793
0.028543
0.248550 
0.215552 
0.304767
0.278249
0.181768
0.182913
0.002961 
0.005026 
0.049223
0.050368
0.011680
0.011675
0.324789 
0.743198 
0.056034
0.721799
0.102857
1.028659
0.236294 
0.077897 
0.059670
0.118941
0.667980
0.548014
0.096046 
0.385052 
0.125902
0.236069
0.052396
0.059948
0.243095 
0.043948 
0.092000
0.050350
0.047407
0.026457
0.340801 
0.293376 
0.512134
0.436248
0.395133
0.223832
2.187126 
0.801496 
0.470344
1.919403
0.072964
0.082915
1.065373 
1.562971 
0.506684
0.707095
1.218874
0.753956
0.367508 
0.460484 
1.638511
1.209433
7.690283
6.517583
0.003802 
0.005351 
0.004082
0.006555
0.001807
0.001807
0.070044 
0.045641 
0.243538
0.577136
0.335424
0.023499
0.263909 
0.218174 
0.302364
0.276285
0.180147
0.220582
0.002408 
0.005135 
0.004279
0.006352
0.011830
0.011726
0.259799 
0.260085 
0.057599
0.285208
0.106019
0.316920
0.250305 
0.345442 
0.114088
0.364746
0.786942
0.858500
0.005878 
0.008925 
0.005442
0.006687
0.002199
0.002419
0.092931 
0.044254 
0.056540
0.094991
0.023602
0.050042
0.318207 
0.253268 
0.407127
1.459322
0.448837
0.183959
1.430964 
0.095398 
0.090721
1.744090
0.048844
0.051175
0.806760 
0.239857 
0.356691
0.994811
0.495834
1.037740
0.502866 
0.333092 
1.591779
1.651582
3.519428
2.321196
0.003094 
0.003611 
0.004096
0.004093
0.001811
0.001813
0.235771 
0.561833 
0.045429
0.289615
0.056838
0.258322
0.245318 
0.209746 
0.432043
0.279489
0.180726
0.181191
0.014920 
1.380186 
0.025563
1.450462
0.017296
0.012569
0.333254 
0.328096 
0.136324
0.379497
0.122237
0.379155
0.060865 
0.050325 
0.146902
0.145440
0.654357
0.540680
0.033581 
0.018816 
0.031297
0.016298
0.003181
0.002647
0.045951 
0.039654 
0.054514
0.049811
0.046063
0.106423
0.408799 
0.263862 
0.489501
0.391252
0.408123
0.402959
0.045392 
0.043190 
0.100448
0.056318
0.021514
0.022344
0.074708 
0.227979 
0.380962
0.296863
0.448392
0.373983
1.106645 
0.625647 
1.636727
1.718933
4.353851
2.248525
0.002834 
0.003354 
0.005011
0.004785
0.003431
0.004929
0.032140 
0.029014 
0.041355
0.036843
0.030877
0.047892
0.245517 
0.209832 
0.445273
0.357571
0.180417
0.186846
0.002403 
0.003482 
0.004159
0.005261
0.011661
0.011729
0.045103 
0.040229 
0.070158
0.113940
0.119089
0.159006
0.105569 
0.101595 
0.087413
0.189055
0.729642
0.656403
0.006149 
0.005959 
0.005377
0.007414
0.003271
0.002513
0.087262 
0.036879 
0.056837
0.092460
0.057353
0.035903
0.455480 
0.272743 
0.442023
0.449655
0.463403
0.273465
0.081349 
0.040421 
0.127085
0.132916
0.043623
0.059564
0.161287 
0.371848 
0.385986
0.343097
1.059610
1.803773
0.363874 
0.359582 
1.611820
1.254943
3.418235
2.155053
0.003648 
0.003131 
0.004054
0.003848
0.001808
0.001807
0.035647 
0.031842 
0.047061
0.031572
0.022876
0.023574
0.251586 
0.224357 
0.375746
0.284202
0.266605
0.244008
0.002274 
0.005364 
0.004330
0.047468
0.042095
0.012755
0.160926 
0.080718 
0.131972
0.104864
0.221729
0.299190
0.504407 
0.089677 
0.070851
0.091156
1.206773
0.760136
0.012091 
0.053418 
0.054688
0.010347
0.044221
0.003277
0.047477 
0.040728 
0.056602
0.050858
0.183415
0.366397
0.304000 
0.251923 
0.419893
0.348506
0.378956
0.192821
0.038011 
0.036824 
0.082624
0.048547
0.017143
0.045261
0.070815 
0.231820 
0.350290
0.271077
0.376678
0.339100
0.511079 
0.340358 
1.669245
1.149600
7.262090
5.499900
0.004301 
0.052219 
0.048514
0.026130
0.044997
0.003678
0.152821 
0.127277 
0.065331
0.094281
0.063318
0.096051
0.247667 
0.220206 
0.376232
0.308184
0.221511
0.247383
0.002377 
0.004616 
0.004042
0.006130
0.011617
0.011737
0.045130 
0.039028 
0.055523
0.057773
0.102021
0.138632
0.142727 
0.048245 
0.138223
0.104316
0.815855
0.470143
0.005992 
0.006439 
0.005465
0.007680
0.002223
0.002538
0.051440 
0.039830 
0.061792
0.091421
0.024863
0.025927
0.391693 
0.301365 
0.457659
0.490665
0.368457
0.327479
0.107982 
0.107374 
0.143885
0.123064
0.022170
0.052378
0.216834 
0.122557 
0.316145
0.298581
0.585751
0.513510
0.552798 
0.526409 
1.685103
1.229473
3.305404
2.234071
0.007011 
0.011693 
0.009716
0.013870
0.003905
0.005349
0.032215 
0.030177 
0.044980
0.033567
0.023740
0.048098
0.293209 
0.220216 
0.309672
0.284513
0.180708
0.188692
0.002367 
0.003729 
0.003904
0.005209
0.011943
0.012198
0.046578 
0.038816 
0.054950
0.088887
0.099133
0.113350
0.062694 
0.057817 
0.043247
0.065371
0.613268
0.475892
0.006073 
0.007135 
0.005494
0.007751
0.002282
0.002442
0.045915 
0.145174 
0.056420
0.161335
0.046080
0.141420
0.588484 
0.337402 
0.425935
0.424884
0.419270
0.207229
0.041568 
0.033169 
0.070708
0.063434
0.017655
0.048504
0.071029 
0.260639 
0.364008
0.284923
0.412157
0.295098
0.327765 
0.412391 
1.572985
1.171246
3.210304
2.182446
0.004938 
0.003122 
0.003984
0.003598
0.001806
0.001807
0.036626 
0.029943 
0.085322
0.032398
0.022859
0.023586
0.350155 
0.226009 
0.331854
0.369063
0.180936
0.182288
0.002387 
0.210917 
0.003976
0.212599
0.012286
0.014106
0.048310 
0.041855 
0.056082
0.070229
0.149438
0.198775
0.118866 
0.130360 
0.093774
0.105324
0.645303
0.691442
0.006028 
0.005798 
0.006047
0.006604
0.002412
0.004805
0.089347 
0.039467 
0.057529
0.054627
0.106217
0.031882
0.331521 
0.307607 
0.426153
0.351386
0.453047
0.300610
0.043492 
0.036925 
0.085060
0.062992
0.023042
0.064507
0.266158 
0.229960 
0.324240
0.459227
0.395312
0.481865
0.438666 
0.344634 
1.571378
1.094825
3.365675
2.116201
